100000000000000000.0000000000000000000000000
100000000000000016.0000000000000000000000000
100000000000000032.0000000000000000000000000
100000000000000048.0000000000000000000000000
100000000000000064.0000000000000000000000000
100000000000000080.0000000000000000000000000
100000000000000096.0000000000000000000000000
100000000000000112.0000000000000000000000000
100000000000000128.0000000000000000000000000
100000000000000144.0000000000000000000000000
100000000000000160.0000000000000000000000000
100000000000000176.0000000000000000000000000
100000000000000192.0000000000000000000000000
100000000000000208.0000000000000000000000000
100000000000000224.0000000000000000000000000
100000000000000240.0000000000000000000000000
100000000000000256.0000000000000000000000000
100000000000000272.0000000000000000000000000
100000000000000288.0000000000000000000000000
100000000000000304.0000000000000000000000000
100000000000000320.0000000000000000000000000
100000000000000336.0000000000000000000000000
100000000000000352.0000000000000000000000000
100000000000000368.0000000000000000000000000
100000000000000384.0000000000000000000000000
100000000000000400.0000000000000000000000000
100000000000000416.0000000000000000000000000
100000000000000432.0000000000000000000000000
100000000000000448.0000000000000000000000000
100000000000000464.0000000000000000000000000
100000000000000480.0000000000000000000000000
100000000000000496.0000000000000000000000000
100000000000000512.0000000000000000000000000
100000000000000528.0000000000000000000000000
100000000000000544.0000000000000000000000000
100000000000000560.0000000000000000000000000
100000000000000576.0000000000000000000000000
100000000000000592.0000000000000000000000000
100000000000000608.0000000000000000000000000
100000000000000624.0000000000000000000000000
100000000000000640.0000000000000000000000000
100000000000000656.0000000000000000000000000
100000000000000672.0000000000000000000000000
100000000000000688.0000000000000000000000000
100000000000000704.0000000000000000000000000
100000000000000720.0000000000000000000000000
100000000000000736.0000000000000000000000000
100000000000000752.0000000000000000000000000
100000000000000768.0000000000000000000000000
100000000000000784.0000000000000000000000000
100000000000000800.0000000000000000000000000
100000000000000816.0000000000000000000000000
100000000000000832.0000000000000000000000000
100000000000000848.0000000000000000000000000
100000000000000864.0000000000000000000000000
100000000000000880.0000000000000000000000000
100000000000000896.0000000000000000000000000
100000000000000912.0000000000000000000000000
100000000000000928.0000000000000000000000000
100000000000000944.0000000000000000000000000
100000000000000960.0000000000000000000000000
100000000000000976.0000000000000000000000000
100000000000000992.0000000000000000000000000
100000000000001008.0000000000000000000000000
100000000000001024.0000000000000000000000000
100000000000001040.0000000000000000000000000
100000000000001056.0000000000000000000000000
100000000000001072.0000000000000000000000000
100000000000001088.0000000000000000000000000
100000000000001104.0000000000000000000000000
100000000000001120.0000000000000000000000000
100000000000001136.0000000000000000000000000
100000000000001152.0000000000000000000000000
100000000000001168.0000000000000000000000000
100000000000001184.0000000000000000000000000
100000000000001200.0000000000000000000000000
100000000000001216.0000000000000000000000000
100000000000001232.0000000000000000000000000
100000000000001248.0000000000000000000000000
100000000000001264.0000000000000000000000000
100000000000001280.0000000000000000000000000
100000000000001296.0000000000000000000000000
100000000000001312.0000000000000000000000000
100000000000001328.0000000000000000000000000
100000000000001344.0000000000000000000000000
100000000000001360.0000000000000000000000000
100000000000001376.0000000000000000000000000
100000000000001392.0000000000000000000000000
100000000000001408.0000000000000000000000000
100000000000001424.0000000000000000000000000
100000000000001440.0000000000000000000000000
100000000000001456.0000000000000000000000000
100000000000001472.0000000000000000000000000
100000000000001488.0000000000000000000000000
100000000000001504.0000000000000000000000000
100000000000001520.0000000000000000000000000
100000000000001536.0000000000000000000000000
100000000000001552.0000000000000000000000000
100000000000001568.0000000000000000000000000
100000000000001584.0000000000000000000000000
100000000000001600.0000000000000000000000000
100000000000001616.0000000000000000000000000
100000000000001632.0000000000000000000000000
100000000000001648.0000000000000000000000000
100000000000001664.0000000000000000000000000
100000000000001680.0000000000000000000000000
100000000000001696.0000000000000000000000000
100000000000001712.0000000000000000000000000
100000000000001728.0000000000000000000000000
100000000000001744.0000000000000000000000000
100000000000001760.0000000000000000000000000
100000000000001776.0000000000000000000000000
100000000000001792.0000000000000000000000000
100000000000001808.0000000000000000000000000
100000000000001824.0000000000000000000000000
100000000000001840.0000000000000000000000000
100000000000001856.0000000000000000000000000
100000000000001872.0000000000000000000000000
100000000000001888.0000000000000000000000000
100000000000001904.0000000000000000000000000
100000000000001920.0000000000000000000000000
100000000000001936.0000000000000000000000000
100000000000001952.0000000000000000000000000
100000000000001968.0000000000000000000000000
100000000000001984.0000000000000000000000000
100000000000002000.0000000000000000000000000
100000000000002016.0000000000000000000000000
100000000000002032.0000000000000000000000000
100000000000002048.0000000000000000000000000
100000000000002064.0000000000000000000000000
100000000000002080.0000000000000000000000000
100000000000002096.0000000000000000000000000
100000000000002112.0000000000000000000000000
100000000000002128.0000000000000000000000000
100000000000002144.0000000000000000000000000
100000000000002160.0000000000000000000000000
100000000000002176.0000000000000000000000000
100000000000002192.0000000000000000000000000
100000000000002208.0000000000000000000000000
100000000000002224.0000000000000000000000000
100000000000002240.0000000000000000000000000
100000000000002256.0000000000000000000000000
100000000000002272.0000000000000000000000000
100000000000002288.0000000000000000000000000
100000000000002304.0000000000000000000000000
100000000000002320.0000000000000000000000000
100000000000002336.0000000000000000000000000
100000000000002352.0000000000000000000000000
100000000000002368.0000000000000000000000000
100000000000002384.0000000000000000000000000
100000000000002400.0000000000000000000000000
100000000000002416.0000000000000000000000000
100000000000002432.0000000000000000000000000
100000000000002448.0000000000000000000000000
100000000000002464.0000000000000000000000000
100000000000002480.0000000000000000000000000
100000000000002496.0000000000000000000000000
100000000000002512.0000000000000000000000000
100000000000002528.0000000000000000000000000
100000000000002544.0000000000000000000000000
100000000000002560.0000000000000000000000000
100000000000002576.0000000000000000000000000
100000000000002592.0000000000000000000000000
100000000000002608.0000000000000000000000000
100000000000002624.0000000000000000000000000
100000000000002640.0000000000000000000000000
100000000000002656.0000000000000000000000000
100000000000002672.0000000000000000000000000
100000000000002688.0000000000000000000000000
100000000000002704.0000000000000000000000000
100000000000002720.0000000000000000000000000
100000000000002736.0000000000000000000000000
100000000000002752.0000000000000000000000000
100000000000002768.0000000000000000000000000
100000000000002784.0000000000000000000000000
100000000000002800.0000000000000000000000000
100000000000002816.0000000000000000000000000
100000000000002832.0000000000000000000000000
100000000000002848.0000000000000000000000000
100000000000002864.0000000000000000000000000
100000000000002880.0000000000000000000000000
100000000000002896.0000000000000000000000000
100000000000002912.0000000000000000000000000
100000000000002928.0000000000000000000000000
100000000000002944.0000000000000000000000000
100000000000002960.0000000000000000000000000
100000000000002976.0000000000000000000000000
100000000000002992.0000000000000000000000000
100000000000003008.0000000000000000000000000
100000000000003024.0000000000000000000000000
100000000000003040.0000000000000000000000000
100000000000003056.0000000000000000000000000
100000000000003072.0000000000000000000000000
100000000000003088.0000000000000000000000000
100000000000003104.0000000000000000000000000
100000000000003120.0000000000000000000000000
100000000000003136.0000000000000000000000000
100000000000003152.0000000000000000000000000
100000000000003168.0000000000000000000000000
100000000000003184.0000000000000000000000000
100000000000003200.0000000000000000000000000
100000000000003216.0000000000000000000000000
100000000000003232.0000000000000000000000000
100000000000003248.0000000000000000000000000
100000000000003264.0000000000000000000000000
100000000000003280.0000000000000000000000000
100000000000003296.0000000000000000000000000
100000000000003312.0000000000000000000000000
100000000000003328.0000000000000000000000000
100000000000003344.0000000000000000000000000
100000000000003360.0000000000000000000000000
100000000000003376.0000000000000000000000000
100000000000003392.0000000000000000000000000
100000000000003408.0000000000000000000000000
100000000000003424.0000000000000000000000000
100000000000003440.0000000000000000000000000
100000000000003456.0000000000000000000000000
100000000000003472.0000000000000000000000000
100000000000003488.0000000000000000000000000
100000000000003504.0000000000000000000000000
100000000000003520.0000000000000000000000000
100000000000003536.0000000000000000000000000
100000000000003552.0000000000000000000000000
100000000000003568.0000000000000000000000000
100000000000003584.0000000000000000000000000
100000000000003600.0000000000000000000000000
100000000000003616.0000000000000000000000000
100000000000003632.0000000000000000000000000
100000000000003648.0000000000000000000000000
100000000000003664.0000000000000000000000000
100000000000003680.0000000000000000000000000
100000000000003696.0000000000000000000000000
100000000000003712.0000000000000000000000000
100000000000003728.0000000000000000000000000
100000000000003744.0000000000000000000000000
100000000000003760.0000000000000000000000000
100000000000003776.0000000000000000000000000
100000000000003792.0000000000000000000000000
100000000000003808.0000000000000000000000000
100000000000003824.0000000000000000000000000
100000000000003840.0000000000000000000000000
100000000000003856.0000000000000000000000000
100000000000003872.0000000000000000000000000
100000000000003888.0000000000000000000000000
100000000000003904.0000000000000000000000000
100000000000003920.0000000000000000000000000
100000000000003936.0000000000000000000000000
100000000000003952.0000000000000000000000000
100000000000003968.0000000000000000000000000
100000000000003984.0000000000000000000000000
100000000000004000.0000000000000000000000000
100000000000004016.0000000000000000000000000
100000000000004032.0000000000000000000000000
100000000000004048.0000000000000000000000000
100000000000004064.0000000000000000000000000
100000000000004080.0000000000000000000000000
100000000000004096.0000000000000000000000000
100000000000004112.0000000000000000000000000
100000000000004128.0000000000000000000000000
100000000000004144.0000000000000000000000000
100000000000004160.0000000000000000000000000
100000000000004176.0000000000000000000000000
100000000000004192.0000000000000000000000000
100000000000004208.0000000000000000000000000
100000000000004224.0000000000000000000000000
100000000000004240.0000000000000000000000000
100000000000004256.0000000000000000000000000
100000000000004272.0000000000000000000000000
100000000000004288.0000000000000000000000000
100000000000004304.0000000000000000000000000
100000000000004320.0000000000000000000000000
100000000000004336.0000000000000000000000000
100000000000004352.0000000000000000000000000
100000000000004368.0000000000000000000000000
100000000000004384.0000000000000000000000000
100000000000004400.0000000000000000000000000
100000000000004416.0000000000000000000000000
100000000000004432.0000000000000000000000000
100000000000004448.0000000000000000000000000
100000000000004464.0000000000000000000000000
100000000000004480.0000000000000000000000000
100000000000004496.0000000000000000000000000
100000000000004512.0000000000000000000000000
100000000000004528.0000000000000000000000000
100000000000004544.0000000000000000000000000
100000000000004560.0000000000000000000000000
100000000000004576.0000000000000000000000000
100000000000004592.0000000000000000000000000
100000000000004608.0000000000000000000000000
100000000000004624.0000000000000000000000000
100000000000004640.0000000000000000000000000
100000000000004656.0000000000000000000000000
100000000000004672.0000000000000000000000000
100000000000004688.0000000000000000000000000
100000000000004704.0000000000000000000000000
100000000000004720.0000000000000000000000000
100000000000004736.0000000000000000000000000
100000000000004752.0000000000000000000000000
100000000000004768.0000000000000000000000000
100000000000004784.0000000000000000000000000
100000000000004800.0000000000000000000000000
100000000000004816.0000000000000000000000000
100000000000004832.0000000000000000000000000
100000000000004848.0000000000000000000000000
100000000000004864.0000000000000000000000000
100000000000004880.0000000000000000000000000
100000000000004896.0000000000000000000000000
100000000000004912.0000000000000000000000000
100000000000004928.0000000000000000000000000
100000000000004944.0000000000000000000000000
100000000000004960.0000000000000000000000000
100000000000004976.0000000000000000000000000
100000000000004992.0000000000000000000000000
100000000000005008.0000000000000000000000000
100000000000005024.0000000000000000000000000
100000000000005040.0000000000000000000000000
100000000000005056.0000000000000000000000000
100000000000005072.0000000000000000000000000
100000000000005088.0000000000000000000000000
100000000000005104.0000000000000000000000000
100000000000005120.0000000000000000000000000
100000000000005136.0000000000000000000000000
100000000000005152.0000000000000000000000000
100000000000005168.0000000000000000000000000
100000000000005184.0000000000000000000000000
100000000000005200.0000000000000000000000000
100000000000005216.0000000000000000000000000
100000000000005232.0000000000000000000000000
100000000000005248.0000000000000000000000000
100000000000005264.0000000000000000000000000
100000000000005280.0000000000000000000000000
100000000000005296.0000000000000000000000000
100000000000005312.0000000000000000000000000
100000000000005328.0000000000000000000000000
100000000000005344.0000000000000000000000000
100000000000005360.0000000000000000000000000
100000000000005376.0000000000000000000000000
100000000000005392.0000000000000000000000000
100000000000005408.0000000000000000000000000
100000000000005424.0000000000000000000000000
100000000000005440.0000000000000000000000000
100000000000005456.0000000000000000000000000
100000000000005472.0000000000000000000000000
100000000000005488.0000000000000000000000000
100000000000005504.0000000000000000000000000
100000000000005520.0000000000000000000000000
100000000000005536.0000000000000000000000000
100000000000005552.0000000000000000000000000
100000000000005568.0000000000000000000000000
100000000000005584.0000000000000000000000000
100000000000005600.0000000000000000000000000
100000000000005616.0000000000000000000000000
100000000000005632.0000000000000000000000000
100000000000005648.0000000000000000000000000
100000000000005664.0000000000000000000000000
100000000000005680.0000000000000000000000000
100000000000005696.0000000000000000000000000
100000000000005712.0000000000000000000000000
100000000000005728.0000000000000000000000000
100000000000005744.0000000000000000000000000
100000000000005760.0000000000000000000000000
100000000000005776.0000000000000000000000000
100000000000005792.0000000000000000000000000
100000000000005808.0000000000000000000000000
100000000000005824.0000000000000000000000000
100000000000005840.0000000000000000000000000
100000000000005856.0000000000000000000000000
100000000000005872.0000000000000000000000000
100000000000005888.0000000000000000000000000
100000000000005904.0000000000000000000000000
100000000000005920.0000000000000000000000000
100000000000005936.0000000000000000000000000
100000000000005952.0000000000000000000000000
100000000000005968.0000000000000000000000000
100000000000005984.0000000000000000000000000
100000000000006000.0000000000000000000000000
100000000000006016.0000000000000000000000000
100000000000006032.0000000000000000000000000
100000000000006048.0000000000000000000000000
100000000000006064.0000000000000000000000000
100000000000006080.0000000000000000000000000
100000000000006096.0000000000000000000000000
100000000000006112.0000000000000000000000000
100000000000006128.0000000000000000000000000
100000000000006144.0000000000000000000000000
100000000000006160.0000000000000000000000000
100000000000006176.0000000000000000000000000
100000000000006192.0000000000000000000000000
100000000000006208.0000000000000000000000000
100000000000006224.0000000000000000000000000
100000000000006240.0000000000000000000000000
100000000000006256.0000000000000000000000000
100000000000006272.0000000000000000000000000
100000000000006288.0000000000000000000000000
100000000000006304.0000000000000000000000000
100000000000006320.0000000000000000000000000
100000000000006336.0000000000000000000000000
100000000000006352.0000000000000000000000000
100000000000006368.0000000000000000000000000
100000000000006384.0000000000000000000000000
100000000000006400.0000000000000000000000000
100000000000006416.0000000000000000000000000
100000000000006432.0000000000000000000000000
100000000000006448.0000000000000000000000000
100000000000006464.0000000000000000000000000
100000000000006480.0000000000000000000000000
100000000000006496.0000000000000000000000000
100000000000006512.0000000000000000000000000
100000000000006528.0000000000000000000000000
100000000000006544.0000000000000000000000000
100000000000006560.0000000000000000000000000
100000000000006576.0000000000000000000000000
100000000000006592.0000000000000000000000000
100000000000006608.0000000000000000000000000
100000000000006624.0000000000000000000000000
100000000000006640.0000000000000000000000000
100000000000006656.0000000000000000000000000
100000000000006672.0000000000000000000000000
100000000000006688.0000000000000000000000000
100000000000006704.0000000000000000000000000
100000000000006720.0000000000000000000000000
100000000000006736.0000000000000000000000000
100000000000006752.0000000000000000000000000
100000000000006768.0000000000000000000000000
100000000000006784.0000000000000000000000000
100000000000006800.0000000000000000000000000
100000000000006816.0000000000000000000000000
100000000000006832.0000000000000000000000000
100000000000006848.0000000000000000000000000
100000000000006864.0000000000000000000000000
100000000000006880.0000000000000000000000000
100000000000006896.0000000000000000000000000
100000000000006912.0000000000000000000000000
100000000000006928.0000000000000000000000000
100000000000006944.0000000000000000000000000
100000000000006960.0000000000000000000000000
100000000000006976.0000000000000000000000000
100000000000006992.0000000000000000000000000
100000000000007008.0000000000000000000000000
100000000000007024.0000000000000000000000000
100000000000007040.0000000000000000000000000
100000000000007056.0000000000000000000000000
100000000000007072.0000000000000000000000000
100000000000007088.0000000000000000000000000
100000000000007104.0000000000000000000000000
100000000000007120.0000000000000000000000000
100000000000007136.0000000000000000000000000
100000000000007152.0000000000000000000000000
100000000000007168.0000000000000000000000000
100000000000007184.0000000000000000000000000
100000000000007200.0000000000000000000000000
100000000000007216.0000000000000000000000000
100000000000007232.0000000000000000000000000
100000000000007248.0000000000000000000000000
100000000000007264.0000000000000000000000000
100000000000007280.0000000000000000000000000
100000000000007296.0000000000000000000000000
100000000000007312.0000000000000000000000000
100000000000007328.0000000000000000000000000
100000000000007344.0000000000000000000000000
100000000000007360.0000000000000000000000000
100000000000007376.0000000000000000000000000
100000000000007392.0000000000000000000000000
100000000000007408.0000000000000000000000000
100000000000007424.0000000000000000000000000
100000000000007440.0000000000000000000000000
100000000000007456.0000000000000000000000000
100000000000007472.0000000000000000000000000
100000000000007488.0000000000000000000000000
100000000000007504.0000000000000000000000000
100000000000007520.0000000000000000000000000
100000000000007536.0000000000000000000000000
100000000000007552.0000000000000000000000000
100000000000007568.0000000000000000000000000
100000000000007584.0000000000000000000000000
100000000000007600.0000000000000000000000000
100000000000007616.0000000000000000000000000
100000000000007632.0000000000000000000000000
100000000000007648.0000000000000000000000000
100000000000007664.0000000000000000000000000
100000000000007680.0000000000000000000000000
100000000000007696.0000000000000000000000000
100000000000007712.0000000000000000000000000
100000000000007728.0000000000000000000000000
100000000000007744.0000000000000000000000000
100000000000007760.0000000000000000000000000
100000000000007776.0000000000000000000000000
100000000000007792.0000000000000000000000000
100000000000007808.0000000000000000000000000
100000000000007824.0000000000000000000000000
100000000000007840.0000000000000000000000000
100000000000007856.0000000000000000000000000
100000000000007872.0000000000000000000000000
100000000000007888.0000000000000000000000000
100000000000007904.0000000000000000000000000
100000000000007920.0000000000000000000000000
100000000000007936.0000000000000000000000000
100000000000007952.0000000000000000000000000
100000000000007968.0000000000000000000000000
100000000000007984.0000000000000000000000000
100000000000008000.0000000000000000000000000
100000000000008016.0000000000000000000000000
100000000000008032.0000000000000000000000000
100000000000008048.0000000000000000000000000
100000000000008064.0000000000000000000000000
100000000000008080.0000000000000000000000000
100000000000008096.0000000000000000000000000
100000000000008112.0000000000000000000000000
100000000000008128.0000000000000000000000000
100000000000008144.0000000000000000000000000
100000000000008160.0000000000000000000000000
100000000000008176.0000000000000000000000000
100000000000008192.0000000000000000000000000
100000000000008208.0000000000000000000000000
100000000000008224.0000000000000000000000000
100000000000008240.0000000000000000000000000
100000000000008256.0000000000000000000000000
100000000000008272.0000000000000000000000000
100000000000008288.0000000000000000000000000
100000000000008304.0000000000000000000000000
100000000000008320.0000000000000000000000000
100000000000008336.0000000000000000000000000
100000000000008352.0000000000000000000000000
100000000000008368.0000000000000000000000000
100000000000008384.0000000000000000000000000
100000000000008400.0000000000000000000000000
100000000000008416.0000000000000000000000000
100000000000008432.0000000000000000000000000
100000000000008448.0000000000000000000000000
100000000000008464.0000000000000000000000000
100000000000008480.0000000000000000000000000
100000000000008496.0000000000000000000000000
100000000000008512.0000000000000000000000000
100000000000008528.0000000000000000000000000
100000000000008544.0000000000000000000000000
100000000000008560.0000000000000000000000000
100000000000008576.0000000000000000000000000
100000000000008592.0000000000000000000000000
100000000000008608.0000000000000000000000000
100000000000008624.0000000000000000000000000
100000000000008640.0000000000000000000000000
100000000000008656.0000000000000000000000000
100000000000008672.0000000000000000000000000
100000000000008688.0000000000000000000000000
100000000000008704.0000000000000000000000000
100000000000008720.0000000000000000000000000
100000000000008736.0000000000000000000000000
100000000000008752.0000000000000000000000000
100000000000008768.0000000000000000000000000
100000000000008784.0000000000000000000000000
100000000000008800.0000000000000000000000000
100000000000008816.0000000000000000000000000
100000000000008832.0000000000000000000000000
100000000000008848.0000000000000000000000000
100000000000008864.0000000000000000000000000
100000000000008880.0000000000000000000000000
100000000000008896.0000000000000000000000000
100000000000008912.0000000000000000000000000
100000000000008928.0000000000000000000000000
100000000000008944.0000000000000000000000000
100000000000008960.0000000000000000000000000
100000000000008976.0000000000000000000000000
100000000000008992.0000000000000000000000000
100000000000009008.0000000000000000000000000
100000000000009024.0000000000000000000000000
100000000000009040.0000000000000000000000000
100000000000009056.0000000000000000000000000
100000000000009072.0000000000000000000000000
100000000000009088.0000000000000000000000000
100000000000009104.0000000000000000000000000
100000000000009120.0000000000000000000000000
100000000000009136.0000000000000000000000000
100000000000009152.0000000000000000000000000
100000000000009168.0000000000000000000000000
100000000000009184.0000000000000000000000000
100000000000009200.0000000000000000000000000
100000000000009216.0000000000000000000000000
100000000000009232.0000000000000000000000000
100000000000009248.0000000000000000000000000
100000000000009264.0000000000000000000000000
100000000000009280.0000000000000000000000000
100000000000009296.0000000000000000000000000
100000000000009312.0000000000000000000000000
100000000000009328.0000000000000000000000000
100000000000009344.0000000000000000000000000
100000000000009360.0000000000000000000000000
100000000000009376.0000000000000000000000000
100000000000009392.0000000000000000000000000
100000000000009408.0000000000000000000000000
100000000000009424.0000000000000000000000000
100000000000009440.0000000000000000000000000
100000000000009456.0000000000000000000000000
100000000000009472.0000000000000000000000000
100000000000009488.0000000000000000000000000
100000000000009504.0000000000000000000000000
100000000000009520.0000000000000000000000000
100000000000009536.0000000000000000000000000
100000000000009552.0000000000000000000000000
100000000000009568.0000000000000000000000000
100000000000009584.0000000000000000000000000
100000000000009600.0000000000000000000000000
100000000000009616.0000000000000000000000000
100000000000009632.0000000000000000000000000
100000000000009648.0000000000000000000000000
100000000000009664.0000000000000000000000000
100000000000009680.0000000000000000000000000
100000000000009696.0000000000000000000000000
100000000000009712.0000000000000000000000000
100000000000009728.0000000000000000000000000
100000000000009744.0000000000000000000000000
100000000000009760.0000000000000000000000000
100000000000009776.0000000000000000000000000
100000000000009792.0000000000000000000000000
100000000000009808.0000000000000000000000000
100000000000009824.0000000000000000000000000
100000000000009840.0000000000000000000000000
100000000000009856.0000000000000000000000000
100000000000009872.0000000000000000000000000
100000000000009888.0000000000000000000000000
100000000000009904.0000000000000000000000000
100000000000009920.0000000000000000000000000
100000000000009936.0000000000000000000000000
100000000000009952.0000000000000000000000000
100000000000009968.0000000000000000000000000
100000000000009984.0000000000000000000000000
100000000000010000.0000000000000000000000000
100000000000010016.0000000000000000000000000
100000000000010032.0000000000000000000000000
100000000000010048.0000000000000000000000000
100000000000010064.0000000000000000000000000
100000000000010080.0000000000000000000000000
100000000000010096.0000000000000000000000000
100000000000010112.0000000000000000000000000
100000000000010128.0000000000000000000000000
100000000000010144.0000000000000000000000000
100000000000010160.0000000000000000000000000
100000000000010176.0000000000000000000000000
100000000000010192.0000000000000000000000000
100000000000010208.0000000000000000000000000
100000000000010224.0000000000000000000000000
100000000000010240.0000000000000000000000000
100000000000010256.0000000000000000000000000
100000000000010272.0000000000000000000000000
100000000000010288.0000000000000000000000000
100000000000010304.0000000000000000000000000
100000000000010320.0000000000000000000000000
100000000000010336.0000000000000000000000000
100000000000010352.0000000000000000000000000
100000000000010368.0000000000000000000000000
100000000000010384.0000000000000000000000000
100000000000010400.0000000000000000000000000
100000000000010416.0000000000000000000000000
100000000000010432.0000000000000000000000000
100000000000010448.0000000000000000000000000
100000000000010464.0000000000000000000000000
100000000000010480.0000000000000000000000000
100000000000010496.0000000000000000000000000
100000000000010512.0000000000000000000000000
100000000000010528.0000000000000000000000000
100000000000010544.0000000000000000000000000
100000000000010560.0000000000000000000000000
100000000000010576.0000000000000000000000000
100000000000010592.0000000000000000000000000
100000000000010608.0000000000000000000000000
100000000000010624.0000000000000000000000000
100000000000010640.0000000000000000000000000
100000000000010656.0000000000000000000000000
100000000000010672.0000000000000000000000000
100000000000010688.0000000000000000000000000
100000000000010704.0000000000000000000000000
100000000000010720.0000000000000000000000000
100000000000010736.0000000000000000000000000
100000000000010752.0000000000000000000000000
100000000000010768.0000000000000000000000000
100000000000010784.0000000000000000000000000
100000000000010800.0000000000000000000000000
100000000000010816.0000000000000000000000000
100000000000010832.0000000000000000000000000
100000000000010848.0000000000000000000000000
100000000000010864.0000000000000000000000000
100000000000010880.0000000000000000000000000
100000000000010896.0000000000000000000000000
100000000000010912.0000000000000000000000000
100000000000010928.0000000000000000000000000
100000000000010944.0000000000000000000000000
100000000000010960.0000000000000000000000000
100000000000010976.0000000000000000000000000
100000000000010992.0000000000000000000000000
100000000000011008.0000000000000000000000000
100000000000011024.0000000000000000000000000
100000000000011040.0000000000000000000000000
100000000000011056.0000000000000000000000000
100000000000011072.0000000000000000000000000
100000000000011088.0000000000000000000000000
100000000000011104.0000000000000000000000000
100000000000011120.0000000000000000000000000
100000000000011136.0000000000000000000000000
100000000000011152.0000000000000000000000000
100000000000011168.0000000000000000000000000
100000000000011184.0000000000000000000000000
100000000000011200.0000000000000000000000000
100000000000011216.0000000000000000000000000
100000000000011232.0000000000000000000000000
100000000000011248.0000000000000000000000000
100000000000011264.0000000000000000000000000
100000000000011280.0000000000000000000000000
100000000000011296.0000000000000000000000000
100000000000011312.0000000000000000000000000
100000000000011328.0000000000000000000000000
100000000000011344.0000000000000000000000000
100000000000011360.0000000000000000000000000
100000000000011376.0000000000000000000000000
100000000000011392.0000000000000000000000000
100000000000011408.0000000000000000000000000
100000000000011424.0000000000000000000000000
100000000000011440.0000000000000000000000000
100000000000011456.0000000000000000000000000
100000000000011472.0000000000000000000000000
100000000000011488.0000000000000000000000000
100000000000011504.0000000000000000000000000
100000000000011520.0000000000000000000000000
100000000000011536.0000000000000000000000000
100000000000011552.0000000000000000000000000
100000000000011568.0000000000000000000000000
100000000000011584.0000000000000000000000000
100000000000011600.0000000000000000000000000
100000000000011616.0000000000000000000000000
100000000000011632.0000000000000000000000000
100000000000011648.0000000000000000000000000
100000000000011664.0000000000000000000000000
100000000000011680.0000000000000000000000000
100000000000011696.0000000000000000000000000
100000000000011712.0000000000000000000000000
100000000000011728.0000000000000000000000000
100000000000011744.0000000000000000000000000
100000000000011760.0000000000000000000000000
100000000000011776.0000000000000000000000000
100000000000011792.0000000000000000000000000
100000000000011808.0000000000000000000000000
100000000000011824.0000000000000000000000000
100000000000011840.0000000000000000000000000
100000000000011856.0000000000000000000000000
100000000000011872.0000000000000000000000000
100000000000011888.0000000000000000000000000
100000000000011904.0000000000000000000000000
100000000000011920.0000000000000000000000000
100000000000011936.0000000000000000000000000
100000000000011952.0000000000000000000000000
100000000000011968.0000000000000000000000000
100000000000011984.0000000000000000000000000
100000000000012000.0000000000000000000000000
100000000000012016.0000000000000000000000000
100000000000012032.0000000000000000000000000
100000000000012048.0000000000000000000000000
100000000000012064.0000000000000000000000000
100000000000012080.0000000000000000000000000
100000000000012096.0000000000000000000000000
100000000000012112.0000000000000000000000000
100000000000012128.0000000000000000000000000
100000000000012144.0000000000000000000000000
100000000000012160.0000000000000000000000000
100000000000012176.0000000000000000000000000
100000000000012192.0000000000000000000000000
100000000000012208.0000000000000000000000000
100000000000012224.0000000000000000000000000
100000000000012240.0000000000000000000000000
100000000000012256.0000000000000000000000000
100000000000012272.0000000000000000000000000
100000000000012288.0000000000000000000000000
100000000000012304.0000000000000000000000000
100000000000012320.0000000000000000000000000
100000000000012336.0000000000000000000000000
100000000000012352.0000000000000000000000000
100000000000012368.0000000000000000000000000
100000000000012384.0000000000000000000000000
100000000000012400.0000000000000000000000000
100000000000012416.0000000000000000000000000
100000000000012432.0000000000000000000000000
100000000000012448.0000000000000000000000000
100000000000012464.0000000000000000000000000
100000000000012480.0000000000000000000000000
100000000000012496.0000000000000000000000000
100000000000012512.0000000000000000000000000
100000000000012528.0000000000000000000000000
100000000000012544.0000000000000000000000000
100000000000012560.0000000000000000000000000
100000000000012576.0000000000000000000000000
100000000000012592.0000000000000000000000000
100000000000012608.0000000000000000000000000
100000000000012624.0000000000000000000000000
100000000000012640.0000000000000000000000000
100000000000012656.0000000000000000000000000
100000000000012672.0000000000000000000000000
100000000000012688.0000000000000000000000000
100000000000012704.0000000000000000000000000
100000000000012720.0000000000000000000000000
100000000000012736.0000000000000000000000000
100000000000012752.0000000000000000000000000
100000000000012768.0000000000000000000000000
100000000000012784.0000000000000000000000000
100000000000012800.0000000000000000000000000
100000000000012816.0000000000000000000000000
100000000000012832.0000000000000000000000000
100000000000012848.0000000000000000000000000
100000000000012864.0000000000000000000000000
100000000000012880.0000000000000000000000000
100000000000012896.0000000000000000000000000
100000000000012912.0000000000000000000000000
100000000000012928.0000000000000000000000000
100000000000012944.0000000000000000000000000
100000000000012960.0000000000000000000000000
100000000000012976.0000000000000000000000000
100000000000012992.0000000000000000000000000
100000000000013008.0000000000000000000000000
100000000000013024.0000000000000000000000000
100000000000013040.0000000000000000000000000
100000000000013056.0000000000000000000000000
100000000000013072.0000000000000000000000000
100000000000013088.0000000000000000000000000
100000000000013104.0000000000000000000000000
100000000000013120.0000000000000000000000000
100000000000013136.0000000000000000000000000
100000000000013152.0000000000000000000000000
100000000000013168.0000000000000000000000000
100000000000013184.0000000000000000000000000
100000000000013200.0000000000000000000000000
100000000000013216.0000000000000000000000000
100000000000013232.0000000000000000000000000
100000000000013248.0000000000000000000000000
100000000000013264.0000000000000000000000000
100000000000013280.0000000000000000000000000
100000000000013296.0000000000000000000000000
100000000000013312.0000000000000000000000000
100000000000013328.0000000000000000000000000
100000000000013344.0000000000000000000000000
100000000000013360.0000000000000000000000000
100000000000013376.0000000000000000000000000
100000000000013392.0000000000000000000000000
100000000000013408.0000000000000000000000000
100000000000013424.0000000000000000000000000
100000000000013440.0000000000000000000000000
100000000000013456.0000000000000000000000000
100000000000013472.0000000000000000000000000
100000000000013488.0000000000000000000000000
100000000000013504.0000000000000000000000000
100000000000013520.0000000000000000000000000
100000000000013536.0000000000000000000000000
100000000000013552.0000000000000000000000000
100000000000013568.0000000000000000000000000
100000000000013584.0000000000000000000000000
100000000000013600.0000000000000000000000000
100000000000013616.0000000000000000000000000
100000000000013632.0000000000000000000000000
100000000000013648.0000000000000000000000000
100000000000013664.0000000000000000000000000
100000000000013680.0000000000000000000000000
100000000000013696.0000000000000000000000000
100000000000013712.0000000000000000000000000
100000000000013728.0000000000000000000000000
100000000000013744.0000000000000000000000000
100000000000013760.0000000000000000000000000
100000000000013776.0000000000000000000000000
100000000000013792.0000000000000000000000000
100000000000013808.0000000000000000000000000
100000000000013824.0000000000000000000000000
100000000000013840.0000000000000000000000000
100000000000013856.0000000000000000000000000
100000000000013872.0000000000000000000000000
100000000000013888.0000000000000000000000000
100000000000013904.0000000000000000000000000
100000000000013920.0000000000000000000000000
100000000000013936.0000000000000000000000000
100000000000013952.0000000000000000000000000
100000000000013968.0000000000000000000000000
100000000000013984.0000000000000000000000000
100000000000014000.0000000000000000000000000
100000000000014016.0000000000000000000000000
100000000000014032.0000000000000000000000000
100000000000014048.0000000000000000000000000
100000000000014064.0000000000000000000000000
100000000000014080.0000000000000000000000000
100000000000014096.0000000000000000000000000
100000000000014112.0000000000000000000000000
100000000000014128.0000000000000000000000000
100000000000014144.0000000000000000000000000
100000000000014160.0000000000000000000000000
100000000000014176.0000000000000000000000000
100000000000014192.0000000000000000000000000
100000000000014208.0000000000000000000000000
100000000000014224.0000000000000000000000000
100000000000014240.0000000000000000000000000
100000000000014256.0000000000000000000000000
100000000000014272.0000000000000000000000000
100000000000014288.0000000000000000000000000
100000000000014304.0000000000000000000000000
100000000000014320.0000000000000000000000000
100000000000014336.0000000000000000000000000
100000000000014352.0000000000000000000000000
100000000000014368.0000000000000000000000000
100000000000014384.0000000000000000000000000
100000000000014400.0000000000000000000000000
100000000000014416.0000000000000000000000000
100000000000014432.0000000000000000000000000
100000000000014448.0000000000000000000000000
100000000000014464.0000000000000000000000000
100000000000014480.0000000000000000000000000
100000000000014496.0000000000000000000000000
100000000000014512.0000000000000000000000000
100000000000014528.0000000000000000000000000
100000000000014544.0000000000000000000000000
100000000000014560.0000000000000000000000000
100000000000014576.0000000000000000000000000
100000000000014592.0000000000000000000000000
100000000000014608.0000000000000000000000000
100000000000014624.0000000000000000000000000
100000000000014640.0000000000000000000000000
100000000000014656.0000000000000000000000000
100000000000014672.0000000000000000000000000
100000000000014688.0000000000000000000000000
100000000000014704.0000000000000000000000000
100000000000014720.0000000000000000000000000
100000000000014736.0000000000000000000000000
100000000000014752.0000000000000000000000000
100000000000014768.0000000000000000000000000
100000000000014784.0000000000000000000000000
100000000000014800.0000000000000000000000000
100000000000014816.0000000000000000000000000
100000000000014832.0000000000000000000000000
100000000000014848.0000000000000000000000000
100000000000014864.0000000000000000000000000
100000000000014880.0000000000000000000000000
100000000000014896.0000000000000000000000000
100000000000014912.0000000000000000000000000
100000000000014928.0000000000000000000000000
100000000000014944.0000000000000000000000000
100000000000014960.0000000000000000000000000
100000000000014976.0000000000000000000000000
100000000000014992.0000000000000000000000000
100000000000015008.0000000000000000000000000
100000000000015024.0000000000000000000000000
100000000000015040.0000000000000000000000000
100000000000015056.0000000000000000000000000
100000000000015072.0000000000000000000000000
100000000000015088.0000000000000000000000000
100000000000015104.0000000000000000000000000
100000000000015120.0000000000000000000000000
100000000000015136.0000000000000000000000000
100000000000015152.0000000000000000000000000
100000000000015168.0000000000000000000000000
100000000000015184.0000000000000000000000000
100000000000015200.0000000000000000000000000
100000000000015216.0000000000000000000000000
100000000000015232.0000000000000000000000000
100000000000015248.0000000000000000000000000
100000000000015264.0000000000000000000000000
100000000000015280.0000000000000000000000000
100000000000015296.0000000000000000000000000
100000000000015312.0000000000000000000000000
100000000000015328.0000000000000000000000000
100000000000015344.0000000000000000000000000
100000000000015360.0000000000000000000000000
100000000000015376.0000000000000000000000000
100000000000015392.0000000000000000000000000
100000000000015408.0000000000000000000000000
100000000000015424.0000000000000000000000000
100000000000015440.0000000000000000000000000
100000000000015456.0000000000000000000000000
100000000000015472.0000000000000000000000000
100000000000015488.0000000000000000000000000
100000000000015504.0000000000000000000000000
100000000000015520.0000000000000000000000000
100000000000015536.0000000000000000000000000
100000000000015552.0000000000000000000000000
100000000000015568.0000000000000000000000000
100000000000015584.0000000000000000000000000
100000000000015600.0000000000000000000000000
100000000000015616.0000000000000000000000000
100000000000015632.0000000000000000000000000
100000000000015648.0000000000000000000000000
100000000000015664.0000000000000000000000000
100000000000015680.0000000000000000000000000
100000000000015696.0000000000000000000000000
100000000000015712.0000000000000000000000000
100000000000015728.0000000000000000000000000
100000000000015744.0000000000000000000000000
100000000000015760.0000000000000000000000000
100000000000015776.0000000000000000000000000
100000000000015792.0000000000000000000000000
100000000000015808.0000000000000000000000000
100000000000015824.0000000000000000000000000
100000000000015840.0000000000000000000000000
100000000000015856.0000000000000000000000000
100000000000015872.0000000000000000000000000
100000000000015888.0000000000000000000000000
100000000000015904.0000000000000000000000000
100000000000015920.0000000000000000000000000
100000000000015936.0000000000000000000000000
100000000000015952.0000000000000000000000000
100000000000015968.0000000000000000000000000
100000000000015984.0000000000000000000000000
100000000000016000.0000000000000000000000000
100000000000016016.0000000000000000000000000
100000000000016032.0000000000000000000000000
100000000000016048.0000000000000000000000000
100000000000016064.0000000000000000000000000
100000000000016080.0000000000000000000000000
100000000000016096.0000000000000000000000000
100000000000016112.0000000000000000000000000
100000000000016128.0000000000000000000000000
100000000000016144.0000000000000000000000000
100000000000016160.0000000000000000000000000
100000000000016176.0000000000000000000000000
100000000000016192.0000000000000000000000000
100000000000016208.0000000000000000000000000
100000000000016224.0000000000000000000000000
100000000000016240.0000000000000000000000000
100000000000016256.0000000000000000000000000
100000000000016272.0000000000000000000000000
100000000000016288.0000000000000000000000000
100000000000016304.0000000000000000000000000
100000000000016320.0000000000000000000000000
100000000000016336.0000000000000000000000000
100000000000016352.0000000000000000000000000
100000000000016368.0000000000000000000000000
100000000000016384.0000000000000000000000000
100000000000016400.0000000000000000000000000
100000000000016416.0000000000000000000000000
100000000000016432.0000000000000000000000000
100000000000016448.0000000000000000000000000
100000000000016464.0000000000000000000000000
100000000000016480.0000000000000000000000000
100000000000016496.0000000000000000000000000
100000000000016512.0000000000000000000000000
100000000000016528.0000000000000000000000000
100000000000016544.0000000000000000000000000
100000000000016560.0000000000000000000000000
100000000000016576.0000000000000000000000000
100000000000016592.0000000000000000000000000
100000000000016608.0000000000000000000000000
100000000000016624.0000000000000000000000000
100000000000016640.0000000000000000000000000
100000000000016656.0000000000000000000000000
100000000000016672.0000000000000000000000000
100000000000016688.0000000000000000000000000
100000000000016704.0000000000000000000000000
100000000000016720.0000000000000000000000000
100000000000016736.0000000000000000000000000
100000000000016752.0000000000000000000000000
100000000000016768.0000000000000000000000000
100000000000016784.0000000000000000000000000
100000000000016800.0000000000000000000000000
100000000000016816.0000000000000000000000000
100000000000016832.0000000000000000000000000
100000000000016848.0000000000000000000000000
100000000000016864.0000000000000000000000000
100000000000016880.0000000000000000000000000
100000000000016896.0000000000000000000000000
100000000000016912.0000000000000000000000000
100000000000016928.0000000000000000000000000
100000000000016944.0000000000000000000000000
100000000000016960.0000000000000000000000000
100000000000016976.0000000000000000000000000
100000000000016992.0000000000000000000000000
100000000000017008.0000000000000000000000000
100000000000017024.0000000000000000000000000
100000000000017040.0000000000000000000000000
100000000000017056.0000000000000000000000000
100000000000017072.0000000000000000000000000
100000000000017088.0000000000000000000000000
100000000000017104.0000000000000000000000000
100000000000017120.0000000000000000000000000
100000000000017136.0000000000000000000000000
100000000000017152.0000000000000000000000000
100000000000017168.0000000000000000000000000
100000000000017184.0000000000000000000000000
100000000000017200.0000000000000000000000000
100000000000017216.0000000000000000000000000
100000000000017232.0000000000000000000000000
100000000000017248.0000000000000000000000000
100000000000017264.0000000000000000000000000
100000000000017280.0000000000000000000000000
100000000000017296.0000000000000000000000000
100000000000017312.0000000000000000000000000
100000000000017328.0000000000000000000000000
100000000000017344.0000000000000000000000000
100000000000017360.0000000000000000000000000
100000000000017376.0000000000000000000000000
100000000000017392.0000000000000000000000000
100000000000017408.0000000000000000000000000
100000000000017424.0000000000000000000000000
100000000000017440.0000000000000000000000000
100000000000017456.0000000000000000000000000
100000000000017472.0000000000000000000000000
100000000000017488.0000000000000000000000000
100000000000017504.0000000000000000000000000
100000000000017520.0000000000000000000000000
100000000000017536.0000000000000000000000000
100000000000017552.0000000000000000000000000
100000000000017568.0000000000000000000000000
100000000000017584.0000000000000000000000000
100000000000017600.0000000000000000000000000
100000000000017616.0000000000000000000000000
100000000000017632.0000000000000000000000000
100000000000017648.0000000000000000000000000
100000000000017664.0000000000000000000000000
100000000000017680.0000000000000000000000000
100000000000017696.0000000000000000000000000
100000000000017712.0000000000000000000000000
100000000000017728.0000000000000000000000000
100000000000017744.0000000000000000000000000
100000000000017760.0000000000000000000000000
100000000000017776.0000000000000000000000000
100000000000017792.0000000000000000000000000
100000000000017808.0000000000000000000000000
100000000000017824.0000000000000000000000000
100000000000017840.0000000000000000000000000
100000000000017856.0000000000000000000000000
100000000000017872.0000000000000000000000000
100000000000017888.0000000000000000000000000
100000000000017904.0000000000000000000000000
100000000000017920.0000000000000000000000000
100000000000017936.0000000000000000000000000
100000000000017952.0000000000000000000000000
100000000000017968.0000000000000000000000000
100000000000017984.0000000000000000000000000
100000000000018000.0000000000000000000000000
100000000000018016.0000000000000000000000000
100000000000018032.0000000000000000000000000
100000000000018048.0000000000000000000000000
100000000000018064.0000000000000000000000000
100000000000018080.0000000000000000000000000
100000000000018096.0000000000000000000000000
100000000000018112.0000000000000000000000000
100000000000018128.0000000000000000000000000
100000000000018144.0000000000000000000000000
100000000000018160.0000000000000000000000000
100000000000018176.0000000000000000000000000
100000000000018192.0000000000000000000000000
100000000000018208.0000000000000000000000000
100000000000018224.0000000000000000000000000
100000000000018240.0000000000000000000000000
100000000000018256.0000000000000000000000000
100000000000018272.0000000000000000000000000
100000000000018288.0000000000000000000000000
100000000000018304.0000000000000000000000000
100000000000018320.0000000000000000000000000
100000000000018336.0000000000000000000000000
100000000000018352.0000000000000000000000000
100000000000018368.0000000000000000000000000
100000000000018384.0000000000000000000000000
100000000000018400.0000000000000000000000000
100000000000018416.0000000000000000000000000
100000000000018432.0000000000000000000000000
100000000000018448.0000000000000000000000000
100000000000018464.0000000000000000000000000
100000000000018480.0000000000000000000000000
100000000000018496.0000000000000000000000000
100000000000018512.0000000000000000000000000
100000000000018528.0000000000000000000000000
100000000000018544.0000000000000000000000000
100000000000018560.0000000000000000000000000
100000000000018576.0000000000000000000000000
100000000000018592.0000000000000000000000000
100000000000018608.0000000000000000000000000
100000000000018624.0000000000000000000000000
100000000000018640.0000000000000000000000000
100000000000018656.0000000000000000000000000
100000000000018672.0000000000000000000000000
100000000000018688.0000000000000000000000000
100000000000018704.0000000000000000000000000
100000000000018720.0000000000000000000000000
100000000000018736.0000000000000000000000000
100000000000018752.0000000000000000000000000
100000000000018768.0000000000000000000000000
100000000000018784.0000000000000000000000000
100000000000018800.0000000000000000000000000
100000000000018816.0000000000000000000000000
100000000000018832.0000000000000000000000000
100000000000018848.0000000000000000000000000
100000000000018864.0000000000000000000000000
100000000000018880.0000000000000000000000000
100000000000018896.0000000000000000000000000
100000000000018912.0000000000000000000000000
100000000000018928.0000000000000000000000000
100000000000018944.0000000000000000000000000
100000000000018960.0000000000000000000000000
100000000000018976.0000000000000000000000000
100000000000018992.0000000000000000000000000
100000000000019008.0000000000000000000000000
100000000000019024.0000000000000000000000000
100000000000019040.0000000000000000000000000
100000000000019056.0000000000000000000000000
100000000000019072.0000000000000000000000000
100000000000019088.0000000000000000000000000
100000000000019104.0000000000000000000000000
100000000000019120.0000000000000000000000000
100000000000019136.0000000000000000000000000
100000000000019152.0000000000000000000000000
100000000000019168.0000000000000000000000000
100000000000019184.0000000000000000000000000
100000000000019200.0000000000000000000000000
100000000000019216.0000000000000000000000000
100000000000019232.0000000000000000000000000
100000000000019248.0000000000000000000000000
100000000000019264.0000000000000000000000000
100000000000019280.0000000000000000000000000
100000000000019296.0000000000000000000000000
100000000000019312.0000000000000000000000000
100000000000019328.0000000000000000000000000
100000000000019344.0000000000000000000000000
100000000000019360.0000000000000000000000000
100000000000019376.0000000000000000000000000
100000000000019392.0000000000000000000000000
100000000000019408.0000000000000000000000000
100000000000019424.0000000000000000000000000
100000000000019440.0000000000000000000000000
100000000000019456.0000000000000000000000000
100000000000019472.0000000000000000000000000
100000000000019488.0000000000000000000000000
100000000000019504.0000000000000000000000000
100000000000019520.0000000000000000000000000
100000000000019536.0000000000000000000000000
100000000000019552.0000000000000000000000000
100000000000019568.0000000000000000000000000
100000000000019584.0000000000000000000000000
100000000000019600.0000000000000000000000000
100000000000019616.0000000000000000000000000
100000000000019632.0000000000000000000000000
100000000000019648.0000000000000000000000000
100000000000019664.0000000000000000000000000
100000000000019680.0000000000000000000000000
100000000000019696.0000000000000000000000000
100000000000019712.0000000000000000000000000
100000000000019728.0000000000000000000000000
100000000000019744.0000000000000000000000000
100000000000019760.0000000000000000000000000
100000000000019776.0000000000000000000000000
100000000000019792.0000000000000000000000000
100000000000019808.0000000000000000000000000
100000000000019824.0000000000000000000000000
100000000000019840.0000000000000000000000000
100000000000019856.0000000000000000000000000
100000000000019872.0000000000000000000000000
100000000000019888.0000000000000000000000000
100000000000019904.0000000000000000000000000
100000000000019920.0000000000000000000000000
100000000000019936.0000000000000000000000000
100000000000019952.0000000000000000000000000
100000000000019968.0000000000000000000000000
100000000000019984.0000000000000000000000000
100000000000020000.0000000000000000000000000
100000000000020016.0000000000000000000000000
100000000000020032.0000000000000000000000000
100000000000020048.0000000000000000000000000
100000000000020064.0000000000000000000000000
100000000000020080.0000000000000000000000000
100000000000020096.0000000000000000000000000
100000000000020112.0000000000000000000000000
100000000000020128.0000000000000000000000000
100000000000020144.0000000000000000000000000
100000000000020160.0000000000000000000000000
100000000000020176.0000000000000000000000000
100000000000020192.0000000000000000000000000
100000000000020208.0000000000000000000000000
100000000000020224.0000000000000000000000000
100000000000020240.0000000000000000000000000
100000000000020256.0000000000000000000000000
100000000000020272.0000000000000000000000000
100000000000020288.0000000000000000000000000
100000000000020304.0000000000000000000000000
100000000000020320.0000000000000000000000000
100000000000020336.0000000000000000000000000
100000000000020352.0000000000000000000000000
100000000000020368.0000000000000000000000000
100000000000020384.0000000000000000000000000
100000000000020400.0000000000000000000000000
100000000000020416.0000000000000000000000000
100000000000020432.0000000000000000000000000
100000000000020448.0000000000000000000000000
100000000000020464.0000000000000000000000000
100000000000020480.0000000000000000000000000
100000000000020496.0000000000000000000000000
100000000000020512.0000000000000000000000000
100000000000020528.0000000000000000000000000
100000000000020544.0000000000000000000000000
100000000000020560.0000000000000000000000000
100000000000020576.0000000000000000000000000
100000000000020592.0000000000000000000000000
100000000000020608.0000000000000000000000000
100000000000020624.0000000000000000000000000
100000000000020640.0000000000000000000000000
100000000000020656.0000000000000000000000000
100000000000020672.0000000000000000000000000
100000000000020688.0000000000000000000000000
100000000000020704.0000000000000000000000000
100000000000020720.0000000000000000000000000
100000000000020736.0000000000000000000000000
100000000000020752.0000000000000000000000000
100000000000020768.0000000000000000000000000
100000000000020784.0000000000000000000000000
100000000000020800.0000000000000000000000000
100000000000020816.0000000000000000000000000
100000000000020832.0000000000000000000000000
100000000000020848.0000000000000000000000000
100000000000020864.0000000000000000000000000
100000000000020880.0000000000000000000000000
100000000000020896.0000000000000000000000000
100000000000020912.0000000000000000000000000
100000000000020928.0000000000000000000000000
100000000000020944.0000000000000000000000000
100000000000020960.0000000000000000000000000
100000000000020976.0000000000000000000000000
100000000000020992.0000000000000000000000000
100000000000021008.0000000000000000000000000
100000000000021024.0000000000000000000000000
100000000000021040.0000000000000000000000000
100000000000021056.0000000000000000000000000
100000000000021072.0000000000000000000000000
100000000000021088.0000000000000000000000000
100000000000021104.0000000000000000000000000
100000000000021120.0000000000000000000000000
100000000000021136.0000000000000000000000000
100000000000021152.0000000000000000000000000
100000000000021168.0000000000000000000000000
100000000000021184.0000000000000000000000000
100000000000021200.0000000000000000000000000
100000000000021216.0000000000000000000000000
100000000000021232.0000000000000000000000000
100000000000021248.0000000000000000000000000
100000000000021264.0000000000000000000000000
100000000000021280.0000000000000000000000000
100000000000021296.0000000000000000000000000
100000000000021312.0000000000000000000000000
100000000000021328.0000000000000000000000000
100000000000021344.0000000000000000000000000
100000000000021360.0000000000000000000000000
100000000000021376.0000000000000000000000000
100000000000021392.0000000000000000000000000
100000000000021408.0000000000000000000000000
100000000000021424.0000000000000000000000000
100000000000021440.0000000000000000000000000
100000000000021456.0000000000000000000000000
100000000000021472.0000000000000000000000000
100000000000021488.0000000000000000000000000
100000000000021504.0000000000000000000000000
100000000000021520.0000000000000000000000000
100000000000021536.0000000000000000000000000
100000000000021552.0000000000000000000000000
100000000000021568.0000000000000000000000000
100000000000021584.0000000000000000000000000
100000000000021600.0000000000000000000000000
100000000000021616.0000000000000000000000000
100000000000021632.0000000000000000000000000
100000000000021648.0000000000000000000000000
100000000000021664.0000000000000000000000000
100000000000021680.0000000000000000000000000
100000000000021696.0000000000000000000000000
100000000000021712.0000000000000000000000000
100000000000021728.0000000000000000000000000
100000000000021744.0000000000000000000000000
100000000000021760.0000000000000000000000000
100000000000021776.0000000000000000000000000
100000000000021792.0000000000000000000000000
100000000000021808.0000000000000000000000000
100000000000021824.0000000000000000000000000
100000000000021840.0000000000000000000000000
100000000000021856.0000000000000000000000000
100000000000021872.0000000000000000000000000
100000000000021888.0000000000000000000000000
100000000000021904.0000000000000000000000000
100000000000021920.0000000000000000000000000
100000000000021936.0000000000000000000000000
100000000000021952.0000000000000000000000000
100000000000021968.0000000000000000000000000
100000000000021984.0000000000000000000000000
100000000000022000.0000000000000000000000000
100000000000022016.0000000000000000000000000
100000000000022032.0000000000000000000000000
100000000000022048.0000000000000000000000000
100000000000022064.0000000000000000000000000
100000000000022080.0000000000000000000000000
100000000000022096.0000000000000000000000000
100000000000022112.0000000000000000000000000
100000000000022128.0000000000000000000000000
100000000000022144.0000000000000000000000000
100000000000022160.0000000000000000000000000
100000000000022176.0000000000000000000000000
100000000000022192.0000000000000000000000000
100000000000022208.0000000000000000000000000
100000000000022224.0000000000000000000000000
100000000000022240.0000000000000000000000000
100000000000022256.0000000000000000000000000
100000000000022272.0000000000000000000000000
100000000000022288.0000000000000000000000000
100000000000022304.0000000000000000000000000
100000000000022320.0000000000000000000000000
100000000000022336.0000000000000000000000000
100000000000022352.0000000000000000000000000
100000000000022368.0000000000000000000000000
100000000000022384.0000000000000000000000000
100000000000022400.0000000000000000000000000
100000000000022416.0000000000000000000000000
100000000000022432.0000000000000000000000000
100000000000022448.0000000000000000000000000
100000000000022464.0000000000000000000000000
100000000000022480.0000000000000000000000000
100000000000022496.0000000000000000000000000
100000000000022512.0000000000000000000000000
100000000000022528.0000000000000000000000000
100000000000022544.0000000000000000000000000
100000000000022560.0000000000000000000000000
100000000000022576.0000000000000000000000000
100000000000022592.0000000000000000000000000
100000000000022608.0000000000000000000000000
100000000000022624.0000000000000000000000000
100000000000022640.0000000000000000000000000
100000000000022656.0000000000000000000000000
100000000000022672.0000000000000000000000000
100000000000022688.0000000000000000000000000
100000000000022704.0000000000000000000000000
100000000000022720.0000000000000000000000000
100000000000022736.0000000000000000000000000
100000000000022752.0000000000000000000000000
100000000000022768.0000000000000000000000000
100000000000022784.0000000000000000000000000
100000000000022800.0000000000000000000000000
100000000000022816.0000000000000000000000000
100000000000022832.0000000000000000000000000
100000000000022848.0000000000000000000000000
100000000000022864.0000000000000000000000000
100000000000022880.0000000000000000000000000
100000000000022896.0000000000000000000000000
100000000000022912.0000000000000000000000000
100000000000022928.0000000000000000000000000
100000000000022944.0000000000000000000000000
100000000000022960.0000000000000000000000000
100000000000022976.0000000000000000000000000
100000000000022992.0000000000000000000000000
100000000000023008.0000000000000000000000000
100000000000023024.0000000000000000000000000
100000000000023040.0000000000000000000000000
100000000000023056.0000000000000000000000000
100000000000023072.0000000000000000000000000
100000000000023088.0000000000000000000000000
100000000000023104.0000000000000000000000000
100000000000023120.0000000000000000000000000
100000000000023136.0000000000000000000000000
100000000000023152.0000000000000000000000000
100000000000023168.0000000000000000000000000
100000000000023184.0000000000000000000000000
100000000000023200.0000000000000000000000000
100000000000023216.0000000000000000000000000
100000000000023232.0000000000000000000000000
100000000000023248.0000000000000000000000000
100000000000023264.0000000000000000000000000
100000000000023280.0000000000000000000000000
100000000000023296.0000000000000000000000000
100000000000023312.0000000000000000000000000
100000000000023328.0000000000000000000000000
100000000000023344.0000000000000000000000000
100000000000023360.0000000000000000000000000
100000000000023376.0000000000000000000000000
100000000000023392.0000000000000000000000000
100000000000023408.0000000000000000000000000
100000000000023424.0000000000000000000000000
100000000000023440.0000000000000000000000000
100000000000023456.0000000000000000000000000
100000000000023472.0000000000000000000000000
100000000000023488.0000000000000000000000000
100000000000023504.0000000000000000000000000
100000000000023520.0000000000000000000000000
100000000000023536.0000000000000000000000000
100000000000023552.0000000000000000000000000
100000000000023568.0000000000000000000000000
100000000000023584.0000000000000000000000000
100000000000023600.0000000000000000000000000
100000000000023616.0000000000000000000000000
100000000000023632.0000000000000000000000000
100000000000023648.0000000000000000000000000
100000000000023664.0000000000000000000000000
100000000000023680.0000000000000000000000000
100000000000023696.0000000000000000000000000
100000000000023712.0000000000000000000000000
100000000000023728.0000000000000000000000000
100000000000023744.0000000000000000000000000
100000000000023760.0000000000000000000000000
100000000000023776.0000000000000000000000000
100000000000023792.0000000000000000000000000
100000000000023808.0000000000000000000000000
100000000000023824.0000000000000000000000000
100000000000023840.0000000000000000000000000
100000000000023856.0000000000000000000000000
100000000000023872.0000000000000000000000000
100000000000023888.0000000000000000000000000
100000000000023904.0000000000000000000000000
100000000000023920.0000000000000000000000000
100000000000023936.0000000000000000000000000
100000000000023952.0000000000000000000000000
100000000000023968.0000000000000000000000000
100000000000023984.0000000000000000000000000
100000000000024000.0000000000000000000000000
100000000000024016.0000000000000000000000000
100000000000024032.0000000000000000000000000
100000000000024048.0000000000000000000000000
100000000000024064.0000000000000000000000000
100000000000024080.0000000000000000000000000
100000000000024096.0000000000000000000000000
100000000000024112.0000000000000000000000000
100000000000024128.0000000000000000000000000
100000000000024144.0000000000000000000000000
100000000000024160.0000000000000000000000000
100000000000024176.0000000000000000000000000
100000000000024192.0000000000000000000000000
100000000000024208.0000000000000000000000000
100000000000024224.0000000000000000000000000
100000000000024240.0000000000000000000000000
100000000000024256.0000000000000000000000000
100000000000024272.0000000000000000000000000
100000000000024288.0000000000000000000000000
100000000000024304.0000000000000000000000000
100000000000024320.0000000000000000000000000
100000000000024336.0000000000000000000000000
100000000000024352.0000000000000000000000000
100000000000024368.0000000000000000000000000
100000000000024384.0000000000000000000000000
100000000000024400.0000000000000000000000000
100000000000024416.0000000000000000000000000
100000000000024432.0000000000000000000000000
100000000000024448.0000000000000000000000000
100000000000024464.0000000000000000000000000
100000000000024480.0000000000000000000000000
100000000000024496.0000000000000000000000000
100000000000024512.0000000000000000000000000
100000000000024528.0000000000000000000000000
100000000000024544.0000000000000000000000000
100000000000024560.0000000000000000000000000
100000000000024576.0000000000000000000000000
100000000000024592.0000000000000000000000000
100000000000024608.0000000000000000000000000
100000000000024624.0000000000000000000000000
100000000000024640.0000000000000000000000000
100000000000024656.0000000000000000000000000
100000000000024672.0000000000000000000000000
100000000000024688.0000000000000000000000000
100000000000024704.0000000000000000000000000
100000000000024720.0000000000000000000000000
100000000000024736.0000000000000000000000000
100000000000024752.0000000000000000000000000
100000000000024768.0000000000000000000000000
100000000000024784.0000000000000000000000000
100000000000024800.0000000000000000000000000
100000000000024816.0000000000000000000000000
100000000000024832.0000000000000000000000000
100000000000024848.0000000000000000000000000
100000000000024864.0000000000000000000000000
100000000000024880.0000000000000000000000000
100000000000024896.0000000000000000000000000
100000000000024912.0000000000000000000000000
100000000000024928.0000000000000000000000000
100000000000024944.0000000000000000000000000
100000000000024960.0000000000000000000000000
100000000000024976.0000000000000000000000000
100000000000024992.0000000000000000000000000
100000000000025008.0000000000000000000000000
100000000000025024.0000000000000000000000000
100000000000025040.0000000000000000000000000
100000000000025056.0000000000000000000000000
100000000000025072.0000000000000000000000000
100000000000025088.0000000000000000000000000
100000000000025104.0000000000000000000000000
100000000000025120.0000000000000000000000000
100000000000025136.0000000000000000000000000
100000000000025152.0000000000000000000000000
100000000000025168.0000000000000000000000000
100000000000025184.0000000000000000000000000
100000000000025200.0000000000000000000000000
100000000000025216.0000000000000000000000000
100000000000025232.0000000000000000000000000
100000000000025248.0000000000000000000000000
100000000000025264.0000000000000000000000000
100000000000025280.0000000000000000000000000
100000000000025296.0000000000000000000000000
100000000000025312.0000000000000000000000000
100000000000025328.0000000000000000000000000
100000000000025344.0000000000000000000000000
100000000000025360.0000000000000000000000000
100000000000025376.0000000000000000000000000
100000000000025392.0000000000000000000000000
100000000000025408.0000000000000000000000000
100000000000025424.0000000000000000000000000
100000000000025440.0000000000000000000000000
100000000000025456.0000000000000000000000000
100000000000025472.0000000000000000000000000
100000000000025488.0000000000000000000000000
100000000000025504.0000000000000000000000000
100000000000025520.0000000000000000000000000
100000000000025536.0000000000000000000000000
100000000000025552.0000000000000000000000000
100000000000025568.0000000000000000000000000
100000000000025584.0000000000000000000000000
100000000000025600.0000000000000000000000000
100000000000025616.0000000000000000000000000
100000000000025632.0000000000000000000000000
100000000000025648.0000000000000000000000000
100000000000025664.0000000000000000000000000
100000000000025680.0000000000000000000000000
100000000000025696.0000000000000000000000000
100000000000025712.0000000000000000000000000
100000000000025728.0000000000000000000000000
100000000000025744.0000000000000000000000000
100000000000025760.0000000000000000000000000
100000000000025776.0000000000000000000000000
100000000000025792.0000000000000000000000000
100000000000025808.0000000000000000000000000
100000000000025824.0000000000000000000000000
100000000000025840.0000000000000000000000000
100000000000025856.0000000000000000000000000
100000000000025872.0000000000000000000000000
100000000000025888.0000000000000000000000000
100000000000025904.0000000000000000000000000
100000000000025920.0000000000000000000000000
100000000000025936.0000000000000000000000000
100000000000025952.0000000000000000000000000
100000000000025968.0000000000000000000000000
100000000000025984.0000000000000000000000000
100000000000026000.0000000000000000000000000
100000000000026016.0000000000000000000000000
100000000000026032.0000000000000000000000000
100000000000026048.0000000000000000000000000
100000000000026064.0000000000000000000000000
100000000000026080.0000000000000000000000000
100000000000026096.0000000000000000000000000
100000000000026112.0000000000000000000000000
100000000000026128.0000000000000000000000000
100000000000026144.0000000000000000000000000
100000000000026160.0000000000000000000000000
100000000000026176.0000000000000000000000000
100000000000026192.0000000000000000000000000
100000000000026208.0000000000000000000000000
100000000000026224.0000000000000000000000000
100000000000026240.0000000000000000000000000
100000000000026256.0000000000000000000000000
100000000000026272.0000000000000000000000000
100000000000026288.0000000000000000000000000
100000000000026304.0000000000000000000000000
100000000000026320.0000000000000000000000000
100000000000026336.0000000000000000000000000
100000000000026352.0000000000000000000000000
100000000000026368.0000000000000000000000000
100000000000026384.0000000000000000000000000
100000000000026400.0000000000000000000000000
100000000000026416.0000000000000000000000000
100000000000026432.0000000000000000000000000
100000000000026448.0000000000000000000000000
100000000000026464.0000000000000000000000000
100000000000026480.0000000000000000000000000
100000000000026496.0000000000000000000000000
100000000000026512.0000000000000000000000000
100000000000026528.0000000000000000000000000
100000000000026544.0000000000000000000000000
100000000000026560.0000000000000000000000000
100000000000026576.0000000000000000000000000
100000000000026592.0000000000000000000000000
100000000000026608.0000000000000000000000000
100000000000026624.0000000000000000000000000
100000000000026640.0000000000000000000000000
100000000000026656.0000000000000000000000000
100000000000026672.0000000000000000000000000
100000000000026688.0000000000000000000000000
100000000000026704.0000000000000000000000000
100000000000026720.0000000000000000000000000
100000000000026736.0000000000000000000000000
100000000000026752.0000000000000000000000000
100000000000026768.0000000000000000000000000
100000000000026784.0000000000000000000000000
100000000000026800.0000000000000000000000000
100000000000026816.0000000000000000000000000
100000000000026832.0000000000000000000000000
100000000000026848.0000000000000000000000000
100000000000026864.0000000000000000000000000
100000000000026880.0000000000000000000000000
100000000000026896.0000000000000000000000000
100000000000026912.0000000000000000000000000
100000000000026928.0000000000000000000000000
100000000000026944.0000000000000000000000000
100000000000026960.0000000000000000000000000
100000000000026976.0000000000000000000000000
100000000000026992.0000000000000000000000000
100000000000027008.0000000000000000000000000
100000000000027024.0000000000000000000000000
100000000000027040.0000000000000000000000000
100000000000027056.0000000000000000000000000
100000000000027072.0000000000000000000000000
100000000000027088.0000000000000000000000000
100000000000027104.0000000000000000000000000
100000000000027120.0000000000000000000000000
100000000000027136.0000000000000000000000000
100000000000027152.0000000000000000000000000
100000000000027168.0000000000000000000000000
100000000000027184.0000000000000000000000000
100000000000027200.0000000000000000000000000
100000000000027216.0000000000000000000000000
100000000000027232.0000000000000000000000000
100000000000027248.0000000000000000000000000
100000000000027264.0000000000000000000000000
100000000000027280.0000000000000000000000000
100000000000027296.0000000000000000000000000
100000000000027312.0000000000000000000000000
100000000000027328.0000000000000000000000000
100000000000027344.0000000000000000000000000
100000000000027360.0000000000000000000000000
100000000000027376.0000000000000000000000000
100000000000027392.0000000000000000000000000
100000000000027408.0000000000000000000000000
100000000000027424.0000000000000000000000000
100000000000027440.0000000000000000000000000
100000000000027456.0000000000000000000000000
100000000000027472.0000000000000000000000000
100000000000027488.0000000000000000000000000
100000000000027504.0000000000000000000000000
100000000000027520.0000000000000000000000000
100000000000027536.0000000000000000000000000
100000000000027552.0000000000000000000000000
100000000000027568.0000000000000000000000000
100000000000027584.0000000000000000000000000
100000000000027600.0000000000000000000000000
100000000000027616.0000000000000000000000000
100000000000027632.0000000000000000000000000
100000000000027648.0000000000000000000000000
100000000000027664.0000000000000000000000000
100000000000027680.0000000000000000000000000
100000000000027696.0000000000000000000000000
100000000000027712.0000000000000000000000000
100000000000027728.0000000000000000000000000
100000000000027744.0000000000000000000000000
100000000000027760.0000000000000000000000000
100000000000027776.0000000000000000000000000
100000000000027792.0000000000000000000000000
100000000000027808.0000000000000000000000000
100000000000027824.0000000000000000000000000
100000000000027840.0000000000000000000000000
100000000000027856.0000000000000000000000000
100000000000027872.0000000000000000000000000
100000000000027888.0000000000000000000000000
100000000000027904.0000000000000000000000000
100000000000027920.0000000000000000000000000
100000000000027936.0000000000000000000000000
100000000000027952.0000000000000000000000000
100000000000027968.0000000000000000000000000
100000000000027984.0000000000000000000000000
100000000000028000.0000000000000000000000000
100000000000028016.0000000000000000000000000
100000000000028032.0000000000000000000000000
100000000000028048.0000000000000000000000000
100000000000028064.0000000000000000000000000
100000000000028080.0000000000000000000000000
100000000000028096.0000000000000000000000000
100000000000028112.0000000000000000000000000
100000000000028128.0000000000000000000000000
100000000000028144.0000000000000000000000000
100000000000028160.0000000000000000000000000
100000000000028176.0000000000000000000000000
100000000000028192.0000000000000000000000000
100000000000028208.0000000000000000000000000
100000000000028224.0000000000000000000000000
100000000000028240.0000000000000000000000000
100000000000028256.0000000000000000000000000
100000000000028272.0000000000000000000000000
100000000000028288.0000000000000000000000000
100000000000028304.0000000000000000000000000
100000000000028320.0000000000000000000000000
100000000000028336.0000000000000000000000000
100000000000028352.0000000000000000000000000
100000000000028368.0000000000000000000000000
100000000000028384.0000000000000000000000000
100000000000028400.0000000000000000000000000
100000000000028416.0000000000000000000000000
100000000000028432.0000000000000000000000000
100000000000028448.0000000000000000000000000
100000000000028464.0000000000000000000000000
100000000000028480.0000000000000000000000000
100000000000028496.0000000000000000000000000
100000000000028512.0000000000000000000000000
100000000000028528.0000000000000000000000000
100000000000028544.0000000000000000000000000
100000000000028560.0000000000000000000000000
100000000000028576.0000000000000000000000000
100000000000028592.0000000000000000000000000
100000000000028608.0000000000000000000000000
100000000000028624.0000000000000000000000000
100000000000028640.0000000000000000000000000
100000000000028656.0000000000000000000000000
100000000000028672.0000000000000000000000000
100000000000028688.0000000000000000000000000
100000000000028704.0000000000000000000000000
100000000000028720.0000000000000000000000000
100000000000028736.0000000000000000000000000
100000000000028752.0000000000000000000000000
100000000000028768.0000000000000000000000000
100000000000028784.0000000000000000000000000
100000000000028800.0000000000000000000000000
100000000000028816.0000000000000000000000000
100000000000028832.0000000000000000000000000
100000000000028848.0000000000000000000000000
100000000000028864.0000000000000000000000000
100000000000028880.0000000000000000000000000
100000000000028896.0000000000000000000000000
100000000000028912.0000000000000000000000000
100000000000028928.0000000000000000000000000
100000000000028944.0000000000000000000000000
100000000000028960.0000000000000000000000000
100000000000028976.0000000000000000000000000
100000000000028992.0000000000000000000000000
100000000000029008.0000000000000000000000000
100000000000029024.0000000000000000000000000
100000000000029040.0000000000000000000000000
100000000000029056.0000000000000000000000000
100000000000029072.0000000000000000000000000
100000000000029088.0000000000000000000000000
100000000000029104.0000000000000000000000000
100000000000029120.0000000000000000000000000
100000000000029136.0000000000000000000000000
100000000000029152.0000000000000000000000000
100000000000029168.0000000000000000000000000
100000000000029184.0000000000000000000000000
100000000000029200.0000000000000000000000000
100000000000029216.0000000000000000000000000
100000000000029232.0000000000000000000000000
100000000000029248.0000000000000000000000000
100000000000029264.0000000000000000000000000
100000000000029280.0000000000000000000000000
100000000000029296.0000000000000000000000000
100000000000029312.0000000000000000000000000
100000000000029328.0000000000000000000000000
100000000000029344.0000000000000000000000000
100000000000029360.0000000000000000000000000
100000000000029376.0000000000000000000000000
100000000000029392.0000000000000000000000000
100000000000029408.0000000000000000000000000
100000000000029424.0000000000000000000000000
100000000000029440.0000000000000000000000000
100000000000029456.0000000000000000000000000
100000000000029472.0000000000000000000000000
100000000000029488.0000000000000000000000000
100000000000029504.0000000000000000000000000
100000000000029520.0000000000000000000000000
100000000000029536.0000000000000000000000000
100000000000029552.0000000000000000000000000
100000000000029568.0000000000000000000000000
100000000000029584.0000000000000000000000000
100000000000029600.0000000000000000000000000
100000000000029616.0000000000000000000000000
100000000000029632.0000000000000000000000000
100000000000029648.0000000000000000000000000
100000000000029664.0000000000000000000000000
100000000000029680.0000000000000000000000000
100000000000029696.0000000000000000000000000
100000000000029712.0000000000000000000000000
100000000000029728.0000000000000000000000000
100000000000029744.0000000000000000000000000
100000000000029760.0000000000000000000000000
100000000000029776.0000000000000000000000000
100000000000029792.0000000000000000000000000
100000000000029808.0000000000000000000000000
100000000000029824.0000000000000000000000000
100000000000029840.0000000000000000000000000
100000000000029856.0000000000000000000000000
100000000000029872.0000000000000000000000000
100000000000029888.0000000000000000000000000
100000000000029904.0000000000000000000000000
100000000000029920.0000000000000000000000000
100000000000029936.0000000000000000000000000
100000000000029952.0000000000000000000000000
100000000000029968.0000000000000000000000000
100000000000029984.0000000000000000000000000
100000000000030000.0000000000000000000000000
100000000000030016.0000000000000000000000000
100000000000030032.0000000000000000000000000
100000000000030048.0000000000000000000000000
100000000000030064.0000000000000000000000000
100000000000030080.0000000000000000000000000
100000000000030096.0000000000000000000000000
100000000000030112.0000000000000000000000000
100000000000030128.0000000000000000000000000
100000000000030144.0000000000000000000000000
100000000000030160.0000000000000000000000000
100000000000030176.0000000000000000000000000
100000000000030192.0000000000000000000000000
100000000000030208.0000000000000000000000000
100000000000030224.0000000000000000000000000
100000000000030240.0000000000000000000000000
100000000000030256.0000000000000000000000000
100000000000030272.0000000000000000000000000
100000000000030288.0000000000000000000000000
100000000000030304.0000000000000000000000000
100000000000030320.0000000000000000000000000
100000000000030336.0000000000000000000000000
100000000000030352.0000000000000000000000000
100000000000030368.0000000000000000000000000
100000000000030384.0000000000000000000000000
100000000000030400.0000000000000000000000000
100000000000030416.0000000000000000000000000
100000000000030432.0000000000000000000000000
100000000000030448.0000000000000000000000000
100000000000030464.0000000000000000000000000
100000000000030480.0000000000000000000000000
100000000000030496.0000000000000000000000000
100000000000030512.0000000000000000000000000
100000000000030528.0000000000000000000000000
100000000000030544.0000000000000000000000000
100000000000030560.0000000000000000000000000
100000000000030576.0000000000000000000000000
100000000000030592.0000000000000000000000000
100000000000030608.0000000000000000000000000
100000000000030624.0000000000000000000000000
100000000000030640.0000000000000000000000000
100000000000030656.0000000000000000000000000
100000000000030672.0000000000000000000000000
100000000000030688.0000000000000000000000000
100000000000030704.0000000000000000000000000
100000000000030720.0000000000000000000000000
100000000000030736.0000000000000000000000000
100000000000030752.0000000000000000000000000
100000000000030768.0000000000000000000000000
100000000000030784.0000000000000000000000000
100000000000030800.0000000000000000000000000
100000000000030816.0000000000000000000000000
100000000000030832.0000000000000000000000000
100000000000030848.0000000000000000000000000
100000000000030864.0000000000000000000000000
100000000000030880.0000000000000000000000000
100000000000030896.0000000000000000000000000
100000000000030912.0000000000000000000000000
100000000000030928.0000000000000000000000000
100000000000030944.0000000000000000000000000
100000000000030960.0000000000000000000000000
100000000000030976.0000000000000000000000000
100000000000030992.0000000000000000000000000
100000000000031008.0000000000000000000000000
100000000000031024.0000000000000000000000000
100000000000031040.0000000000000000000000000
100000000000031056.0000000000000000000000000
100000000000031072.0000000000000000000000000
100000000000031088.0000000000000000000000000
100000000000031104.0000000000000000000000000
100000000000031120.0000000000000000000000000
100000000000031136.0000000000000000000000000
100000000000031152.0000000000000000000000000
100000000000031168.0000000000000000000000000
100000000000031184.0000000000000000000000000
100000000000031200.0000000000000000000000000
100000000000031216.0000000000000000000000000
100000000000031232.0000000000000000000000000
100000000000031248.0000000000000000000000000
100000000000031264.0000000000000000000000000
100000000000031280.0000000000000000000000000
100000000000031296.0000000000000000000000000
100000000000031312.0000000000000000000000000
100000000000031328.0000000000000000000000000
100000000000031344.0000000000000000000000000
100000000000031360.0000000000000000000000000
100000000000031376.0000000000000000000000000
100000000000031392.0000000000000000000000000
100000000000031408.0000000000000000000000000
100000000000031424.0000000000000000000000000
100000000000031440.0000000000000000000000000
100000000000031456.0000000000000000000000000
100000000000031472.0000000000000000000000000
100000000000031488.0000000000000000000000000
100000000000031504.0000000000000000000000000
100000000000031520.0000000000000000000000000
100000000000031536.0000000000000000000000000
100000000000031552.0000000000000000000000000
100000000000031568.0000000000000000000000000
100000000000031584.0000000000000000000000000
100000000000031600.0000000000000000000000000
100000000000031616.0000000000000000000000000
100000000000031632.0000000000000000000000000
100000000000031648.0000000000000000000000000
100000000000031664.0000000000000000000000000
100000000000031680.0000000000000000000000000
100000000000031696.0000000000000000000000000
100000000000031712.0000000000000000000000000
100000000000031728.0000000000000000000000000
100000000000031744.0000000000000000000000000
100000000000031760.0000000000000000000000000
100000000000031776.0000000000000000000000000
100000000000031792.0000000000000000000000000
100000000000031808.0000000000000000000000000
100000000000031824.0000000000000000000000000
100000000000031840.0000000000000000000000000
100000000000031856.0000000000000000000000000
100000000000031872.0000000000000000000000000
100000000000031888.0000000000000000000000000
100000000000031904.0000000000000000000000000
100000000000031920.0000000000000000000000000
100000000000031936.0000000000000000000000000
100000000000031952.0000000000000000000000000
100000000000031968.0000000000000000000000000
100000000000031984.0000000000000000000000000
Start: 100000000000000000.000000
Step:  10.000000
